.Random.seed <-
c(403L, 11L, -947301700L, 1226933138L, -669564787L, 1712592583L, 
-531775570L, -834696696L, 1930522123L, -854579479L, -284728904L, 
-1588273562L, -1392510207L, 1478610323L, 42477122L, -264603148L, 
800629751L, -1332832275L, 1064243332L, -1979472214L, 1360919573L, 
-829649745L, 1129169590L, -1525514016L, 1486892067L, 159118145L, 
-342057424L, -570229682L, 1974637753L, 263655627L, 1420082554L, 
-1522900868L, 1359873215L, -18312811L, -67487316L, -2138575998L, 
-817262243L, -607498153L, 1252976446L, 1960734584L, 977273947L, 
-658140231L, -295292408L, 45824182L, 604954609L, 1415883299L, 
1063092850L, -1095649084L, 1424174727L, 1811113565L, 615237716L, 
-1774347654L, -1407516219L, 1242551071L, -1565024602L, 1898450992L, 
1668453075L, -1976907535L, -1060326368L, -362130754L, 131012297L, 
-1411959685L, -1343641014L, 1473728172L, -170882641L, -740613787L, 
1825091356L, 968774514L, -176893971L, -749281241L, -1233348530L, 
1359469736L, -2103487829L, -1611057207L, 1393519576L, 1457420934L, 
1978497889L, -400785677L, 588677474L, -1012047916L, -39892265L, 
1274753229L, -913520540L, -167057846L, -1163357259L, 432951055L, 
-1215542250L, -1513548096L, 1077792899L, 1511410849L, -373415280L, 
-92626578L, 287448857L, 230249387L, 632193434L, 208467292L, 677915743L, 
1109013557L, 652742604L, -2124731614L, 1505998205L, -2074331529L, 
-988786786L, -501846440L, -1988130885L, 1856661849L, -378903832L, 
1714789142L, 1974004881L, -1311448765L, 863431762L, -1114788124L, 
1115330855L, 1141291389L, 768897140L, 1093743194L, -1198563675L, 
1435299007L, 1053273926L, 738692560L, 420753395L, -1856784623L, 
887748416L, 533036830L, 878530537L, -1897323237L, 1602617130L, 
433778764L, -254797809L, -2042031291L, 315413756L, -726989998L, 
1874040013L, -1658203001L, -108490898L, 490176840L, 320496971L, 
-1811797847L, 1048041976L, 1766459686L, 1953995329L, -1821682733L, 
1508278658L, 608830900L, 542568759L, 1016886317L, 1943748932L, 
1251006058L, -403930923L, -95408529L, 696699766L, -1419780960L, 
881661283L, 1451775489L, 1305908592L, 1942340878L, -1922234503L, 
-257214709L, -665528262L, -1138694340L, 1044202623L, -1002129451L, 
1934277100L, -2058192062L, 724247709L, 1086635287L, -487484290L, 
-2074702792L, 1244572443L, -828522375L, -1992415032L, -1160306442L, 
-788725455L, 595069283L, 452180786L, -339364732L, 1239552199L, 
233499549L, 1163054868L, 828425658L, 249111557L, -239756833L, 
380148838L, 1639185392L, 1456088339L, -344704335L, -1635461792L, 
-1365275906L, 296822409L, -1870925381L, 1804405642L, 1841238636L, 
1828707311L, 1711604773L, 47906012L, -1199025486L, 1475265965L, 
-159647385L, -2079582578L, -1272733848L, -822646933L, 1955823881L, 
1395439512L, -1712787770L, 1920916513L, -1418291021L, -695606750L, 
-2136845292L, -392165225L, 1007962765L, -70669404L, -1503398518L, 
-787729931L, 300133455L, -2101703850L, -739712512L, 2146925379L, 
1173674721L, 776169552L, -1803532114L, 350399577L, 641367147L, 
-225676838L, 1990441628L, 1680266399L, -777394443L, 1479424908L, 
480598626L, 1558773309L, 1071925072L, 98427948L, 507398516L, 
999992978L, 1539301984L, -533417844L, -1050455712L, -684353310L, 
1860529320L, -1137060148L, 396220924L, 1388612530L, -1077328912L, 
-732331580L, -1721221800L, -2006453894L, -170626640L, -1332729412L, 
-40436140L, -1280697918L, -1733541088L, -124505156L, -285355952L, 
27548642L, 1842970472L, -778610868L, -1825493252L, 1942800114L, 
-1024951040L, -2129232780L, -658477560L, -1672206918L, 2021860816L, 
-1612126228L, 1304275860L, -1650562862L, -1015851936L, 2073857356L, 
-478711008L, -1356911998L, 967299560L, 1628068844L, -2022420932L, 
775964274L, -38311056L, -1843524316L, -415589832L, 17465754L, 
-1089876528L, -1787181636L, 57675412L, 338096770L, 620678592L, 
891639612L, -936140144L, -1960138974L, 1528710664L, -1957698804L, 
-132058212L, -671794158L, 1559628672L, 1723534100L, 875435304L, 
-94265286L, -779455536L, 2056739436L, 1242344500L, -985649006L, 
1189575008L, 152354124L, 2130056672L, -10257502L, -136545368L, 
1181117580L, -1099439172L, -620178318L, -458741776L, -1366158268L, 
1518479448L, 1854091322L, 1251485808L, -543658436L, 538666772L, 
1512082114L, 579351264L, -1087658884L, -462566192L, 1464304546L, 
297696808L, -1359695604L, -1261389892L, 306643250L, -1479223104L, 
1980412468L, -846206264L, 689033914L, -2043978608L, -955418900L, 
-1821272492L, -1648445806L, 667494176L, -2055284788L, 162146528L, 
2124029634L, 1411347496L, 639155116L, -483984708L, -1651219982L, 
-593537488L, -671934556L, -347033160L, 1638468442L, -13081456L, 
1201355644L, 1614917396L, 722431298L, -651497728L, 1475705788L, 
-1906159792L, -842239710L, -1563162040L, 1874835468L, -131421092L, 
-1888120366L, -218188288L, 1197265236L, 1274417384L, -256511750L, 
-2011793712L, -1719138004L, -508630796L, -102064750L, 1152166240L, 
253323276L, -792728864L, -1133833630L, -931919192L, 1257671244L, 
-646662276L, -1319158478L, -1131346320L, 982776644L, -1137895464L, 
1919979386L, -1660133840L, 1126578108L, 203720276L, -643598270L, 
-1947783008L, -596259140L, -869119536L, 1430127458L, -2073738520L, 
575803596L, 911651324L, -266200590L, 1433021056L, -1894304268L, 
-1961228664L, -945959110L, -1283787952L, -722897812L, -207754860L, 
1325503570L, 1992731104L, -418939700L, -236434272L, -1081256574L, 
1742094568L, -104522004L, 690535740L, 1946451058L, -698904464L, 
-1854363612L, -1871795144L, 663828250L, -139260720L, 109434684L, 
-516474988L, -503325822L, -594349632L, 868744764L, -20802160L, 
-703248862L, 293297416L, -2079410548L, -1167546596L, -1842073454L, 
-716146304L, 1851280916L, -912765144L, 1273537082L, -1525754416L, 
-591251092L, -1944661068L, -812656622L, 849485280L, -274837556L, 
2093199584L, 1667303458L, -847380184L, -1573732852L, -1077895364L, 
-1076753422L, 956590832L, -1539946940L, 1350042200L, 1539055418L, 
1092417008L, -1979486532L, 74483988L, 1954015938L, 1047305312L, 
-1705757828L, -760428592L, 1872355618L, -1240524120L, -795692148L, 
-1191196484L, 340137778L, 32160320L, 614663348L, -1891227064L, 
-1507029574L, -423724528L, 911768300L, -1576531628L, 934835957L, 
-1926531374L, 744538400L, -933138167L, 728036923L, 720300940L, 
-1062999526L, 1651014287L, 115189209L, 1142188654L, 794245628L, 
-1407624339L, -461953769L, 80220384L, -2126690626L, 516662411L, 
-1106701555L, 143668026L, -211383432L, 185579809L, -1995845165L, 
1016889588L, -1842036350L, -334494697L, 1866617569L, 763595814L, 
-941696732L, -2125260331L, -905661057L, 743754776L, -1187036362L, 
1589507523L, 1586134021L, 234985378L, 429765520L, 309966649L, 
-1226480661L, -483150628L, -1123676918L, 342078463L, 526566985L, 
-575999010L, -1900426356L, -129692835L, -4359321L, 2145497232L, 
-1512755538L, -491320485L, -835167427L, 205361578L, 176881224L, 
-1608233359L, 992497635L, -1985406236L, -2123619822L, 161519079L, 
824590769L, 2092746742L, -2113799660L, 1300563237L, 748271151L, 
-864521240L, 793937094L, 1266606451L, -1785861675L, -713917006L, 
1776472960L, 2120542057L, 50891739L, -214969556L, 1332645178L, 
1772401647L, -586611079L, -45842162L, -1635786532L, 334952269L, 
-1619036489L, 474551360L, 1406758174L, -764770325L, 50645869L, 
1272416730L, 953361304L, -884065791L, 1162099635L, 571259604L, 
-1863349278L, -9585033L, 2002814913L, 1524364614L, -1875950460L, 
-1731712459L, -2054254049L, -839367304L, -1305566122L, -2082563869L, 
-548819291L, 314073922L, -1446762192L, 2031112537L, 8217291L, 
614828860L, 961028970L, -860778081L, 1089112105L, -1109929282L, 
-1698651220L, 1838674173L, -856851385L, 1827711792L, -174810034L, 
-1077546885L, -267181091L, -2130212342L, 788913960L, -1850003055L, 
-75970685L, -559817596L, -792778062L, 1335741959L, -557314479L, 
-469072426L, -690874188L, 624788677L, -1979267569L, -219865464L, 
1198486438L, 764427091L, -1422846795L, 141382162L, -959496224L, 
2025525833L, 33790075L, -1494062772L, -1220133670L, 742972623L, 
-1010394983L, -765283154L, -761253444L, 1653615149L, -1850237481L, 
-622701536L, -260343426L, -670877877L, -1662739123L, -958372998L, 
